Offset	A	C	G	T
-10	0.3292625	0.1512256	0.1975657	0.3219462
-9	0.3192420	0.1541696	0.1900858	0.3365026
-8	0.3122549	0.1593035	0.2020780	0.3263636
-7	0.3235481	0.1532934	0.1991373	0.3240212
-6	0.3262880	0.1648939	0.1914777	0.3173404
-5	0.3252590	0.1563082	0.1966892	0.3217436
-4	0.3236595	0.1620334	0.1896000	0.3247071
-3	0.3134776	0.1689196	0.1935194	0.3240834
-2	0.3200178	0.1676057	0.1962407	0.3161358
-1	0.3288468	0.1641961	0.1938514	0.3131057
0	0.2872055	0.1960423	0.2312454	0.2855068
1	0.2922599	0.1976974	0.2227069	0.2873358
2	0.2998559	0.1887010	0.2148108	0.2966323
3	0.3131063	0.1698882	0.1994887	0.3175168
4	0.3156485	0.1632003	0.1992876	0.3218636
5	0.3143829	0.1535940	0.1997445	0.3322786
6	0.3178566	0.1567106	0.1960074	0.3294254
7	0.3226292	0.1512099	0.1959728	0.3301881
8	0.3138415	0.1564553	0.1876853	0.3420179
9	0.2941710	0.1852438	0.1830552	0.3375300
10	0.3412669	0.1523976	0.1903077	0.3160278
